0 0.376448813517834 0.37218045112781967 0.16657027183342973 0.08270676691729321
0 0.6812724117987277 0.6759398496240601 0.16990167727009833 0.08872180451127826
1 0.6862695183022961 0.23157894736842102 0.15990746096009253 0.07218045112781954
1 0.22820127241179872 0.33984962406015035 0.123262001156738 0.051127819548872216
1 0.5396876807403124 0.3796992481203007 0.11326778484673226 0.04962406015037594
1 0.20654713789917012 0.6240601503759398 0.10660497397339502 0.03909774436090233
1 0.6243926478003747 0.6048378597637829 0.23453715000510272 0.08661841571251451
2 0.1691633473731638 0.5769780831600408 0.2931636784268362 0.12180451127819575
2 0.3893532732824178 0.7583905584007656 0.3305124074466041 0.14887218045112827
3 0.24598339094143296 0.7050983313669578 0.10660497397339506 0.11428571428571441
3 0.4780566807812313 0.2571428571428571 0.12326200115673806 0.06917293233082705
