0 0.24164396725228168 0.6609046575256692 0.15215215215215158 0.3171171171171183
0 0.29329337891439955 0.6852390571780123 0.08208208208208209 0.1907137907137907
0 0.8279079534008832 0.32813368299212653 0.14314314314314291 0.2996385100256006
0 0.6773492815203874 0.6575703438888038 0.09409409409409396 0.20623700623700658
1 0.14964964964964966 0.8027718624666381 0.08308308308308308 0.11975051975051969
1 0.5742010639150087 0.4328573320512309 0.04004004004004 0.11753291753291771
1 0.6231231231231231 0.2760914760914761 0.0790790790790792 0.08205128205128204
1 0.7122121009047743 0.5322246164077507 0.0630631144357268 0.1286209286209286
1 0.35435435435435436 0.23506583506583506 0.048048048048048034 0.10644490644490645
1 0.4794793596099307 0.6431047272878618 0.09009009009009006 0.17297297297297298
1 0.37989165250446505 0.7072493779194037 0.09709709709709687 0.23284823284823328
3 0.2803531074432105 0.19147110696944203 0.10710710710710701 0.11975051975052006
3 0.6791785370208825 0.586554607990724 0.043043043043042954 0.09092169092169095
2 0.4949630730750826 0.2666928181083281 0.13393918392825774 0.28385308385308433
