0 0.1838572623787649 0.4406923683590753 0.1265928033987199 0.27389729295665083
0 0.3563563306700246 0.4734580734580734 0.06406401269140029 0.13527373527373532
0 0.6831831189673538 0.6896742896742896 0.07907912188963243 0.1419267102929795
0 0.8248164953471341 0.3707074166940432 0.11711711711711699 0.23248991275224148
1 0.22773626592901497 0.03991683991683992 0.029011952626454587 0.07983367983367984
1 0.2759200390141941 0.6994674927148994 0.06206206206206202 0.0843584851508324
1 0.6616616488184959 0.3293139293139291 0.06006003437372827 0.05987525987525986
1 0.7312312141070101 0.5455301455301458 0.05105110242371444 0.10644490644490645
1 0.4419418820071675 0.3015939857771204 0.033033033033033024 0.0709632709632709
1 0.6205529494311322 0.461716415760742 0.03203203203203209 0.09313929313929326
1 0.5475475090180499 0.6575190855801303 0.060060102870613016 0.10866256478465493
1 0.44532137280405015 0.7112867914558048 0.07136337615402814 0.19958419958419993
2 0.4990556741821905 0.6880992720022825 0.11911911911911861 0.2735666152539307
2 0.5465492047488073 0.33821816964130036 0.10914629167829473 0.24680532116657616
3 0.37621558987459897 0.23094999697647203 0.08608608608608596 0.09757449757449767
3 0.7002001659517577 0.5954262234872683 0.047047047047047104 0.09535689535689534
