0 0.5163678408257685 0.20375939849624064 0.27983805668016193 0.130827067669173
0 0.5378028315531864 0.6922188868136946 0.2672153287719738 0.11363741665276664
0 0.748385407473146 0.6323741194982002 0.15972909318986986 0.07368421052631578
0 0.25485251528585956 0.6481203007518798 0.15657605552342393 0.06616541353383454
2 0.5695068569110898 0.45911033986175803 0.24761425139473658 0.12330827067669223
2 0.4411642980977524 0.8145097408790472 0.28316946211683025 0.10977443609022586
0 0.3114864075027964 0.4909774436090226 0.16990167727009836 0.05864661654135332
1 0.3181492192018508 0.4278195488721805 0.1365876229034124 0.06466165413533836
1 0.26484673159586536 0.25639097744360906 0.11659919028340077 0.08270676691729324
1 0.7229149797570851 0.34360902255639103 0.09994216310005782 0.052631578947368425
1 0.4863851941664734 0.5992481203007519 0.12659340659340657 0.04661654135338353
1 0.2631810288775311 0.5669172932330827 0.09327935222672071 0.048120300751879626
3 0.7362406000587544 0.2766917293233083 0.14658183921341816 0.09924812030075192
1 0.49304800380123476 0.3165413533834586 0.1532446500867553 0.09473684210526322
1 0.9347484094852515 0.1255639097744361 0.13050318102949673 0.04962406015037594
3 0.38810873337189133 0.5827067669172933 0.10327356853672648 0.04360902255639104
