0 0.7778831694621169 0.44661654135338347 0.15657605552342388 0.075187969924812
0 0.7500627695510212 0.5957114572897921 0.17656448814343542 0.06815680678507591
0 0.3818206808601318 0.7569327229803003 0.2705964094449064 0.12481203007518812
0 0.47610894715949514 0.4363544676500242 0.2679961429865136 0.1142857142857146
0 0.42116465305939615 0.19460269263601962 0.08824545108784329 0.0577179224786071
0 0.2171008734095701 0.3051968309759372 0.15990746096009248 0.02857142857142858
0 0.38477732793522273 0.3714285714285714 0.14991324465008676 0.03909774436090224
0 0.2848351648351649 0.4436090225563909 0.1765644881434355 0.06015037593984964
0 0.3614574881238933 0.49624060150375887 0.17656448463413754 0.030075187969924845
0 0.418091381579406 0.5458646616541353 0.11659919048983014 0.0451127819548872
0 0.6492887564593829 0.6374095486232294 0.12659340659340643 0.031399466224235874
0 0.23153267805489663 0.5172932330827068 0.08994794679005207 0.05112781954887218
3 0.5621073759095628 0.7617906641540497 0.09985913595143664 0.09652063650395061
2 0.26677532343436977 0.6605957623683685 0.2737114017958849 0.12631578947368466
2 0.45663493497905067 0.293940964655843 0.2565182186234812 0.12398076153614418
2 0.6333819197791427 0.34548802322402655 0.19963524624980294 0.1020130821216386
