0 0.218207056101793 0.6616541353383458 0.12992481203007522 0.057142857142857155
0 0.6010691609156695 0.5712043638216368 0.22986697513013304 0.09172932330827088
0 0.709589358836128 0.6300751879699247 0.15990746096009262 0.0691729323308271
0 0.4738485471668391 0.46200366832425727 0.28160367968821565 0.10676691729323334
1 0.7553988206699106 0.30856025871453613 0.20588369976911722 0.07669172932330813
1 0.4070193286571832 0.39951399245947167 0.12723738933809536 0.04060150375939857
1 0.39477154424522853 0.2045112781954887 0.10993637941006364 0.048120300751879695
1 0.29816078658183925 0.46390977443609027 0.14991324465008676 0.025563909774436126
1 0.3214806250513779 0.5082706766917293 0.1499132454758041 0.06015037593984965
1 0.369835109234456 0.5509900769264092 0.17195768499637729 0.027067669172932404
1 0.4397455176402545 0.6150375939849624 0.1132677848467322 0.05112781954887233
1 0.6379641411220359 0.6669172932330827 0.12992481203007514 0.031578947368420957
1 0.24594070125238357 0.6001152391542931 0.11659919028340066 0.031578947368421095
3 0.5682952245624558 0.773644576247364 0.09303567361511704 0.08571428571428594
3 0.3364719458006592 0.5962406015037593 0.10660497397339498 0.04661654135338345
2 0.35372508985833717 0.8245951860372754 0.25984962406015 0.1253309528889514
2 0.45640254523645624 0.28947368421052594 0.2465239981848899 0.13082706766917288
