0 0.37145170474354317 0.2338345864661654 0.1965529207634471 0.07669172932330827
0 0.6995951419068344 0.24060150375939848 0.17323308270676685 0.08421052631578949
0 0.20654713707345287 0.6345864661654135 0.1932215153267785 0.07218045112781958
0 0.6213071131129758 0.5518796992481202 0.12326200115673798 0.05112781954887212
2 0.3181492185825629 0.3706766917293233 0.34979757085020247 0.12481203007518793
2 0.37145170618854834 0.543609022556391 0.3164835164835165 0.124812030075188
1 0.14991324465008676 0.5766917293233083 0.15990746096009253 0.06766917293233078
1 0.7062579525737422 0.5488721804511278 0.08661654135338338 0.05413533834586467
1 0.6246385193753615 0.3962406015037594 0.14991324465008682 0.0646616541353383
1 0.6812724117987276 0.6225563909774436 0.11659919028340077 0.06315789473684212
1 0.5730017349005689 0.6646616541353384 0.20654713707345287 0.02706766917293237
3 0.4980451144333894 0.636842105263158 0.12326200115673798 0.043609022556390896
3 0.5504703473140956 0.49010990912039887 0.1365876206326895 0.09172932330827073
