0 0.42885785865840226 0.3062911046972472 0.17416142694747574 0.08571428571428606
0 0.6762753044694421 0.648872180451128 0.15990746096009262 0.07669172932330824
1 0.22486986573655435 0.2977443609022556 0.10327356853672644 0.05112781954887218
1 0.4683042611615329 0.3811969789991204 0.11886883086712371 0.04511278195488733
1 0.5147021391395806 0.525563909774436 0.1832272990167727 0.08270676691729328
1 0.6528848098339796 0.5816398233767803 0.23071272728934963 0.08584889044251855
1 0.21654135338345867 0.5977443609022557 0.08661654135338345 0.031578947368421095
3 0.23371107344544367 0.6765126432084831 0.12659340659340643 0.10607980232632153
2 0.16657910941333445 0.5567491859988487 0.31315211104684726 0.13533834586466145
2 0.3904398780615877 0.7339901471195577 0.31315211104684737 0.13562206528062593
