1 0.2964950838635049 0.48721804511278194 0.0866165413533835 0.06616541353383461
1 0.6879352214334891 0.12781954887218044 0.17656448814343556 0.08120300751879699
1 0.5396876807403124 0.08270676691729324 0.06662810873337201 0.06917293233082707
1 0.34816028389784565 0.031578947368421054 0.08989111525809719 0.06315789473684211
1 0.4880508964719492 0.14586466165413536 0.10327356853672648 0.042105263157894764
3 0.4897165991902835 0.19097744360902255 0.09994216310005782 0.054135338345864634
0 0.6096471949103524 0.1819548872180451 0.12659340659340657 0.054135338345864745
0 0.9111393869288608 0.1857142857142857 0.1432504337767496 0.08571428571428573
0 0.9530711393869288 0.10977443609022558 0.09385772122614228 0.06315789473684211
0 0.9564025448235975 0.03609022556390978 0.08719491035280498 0.06917293233082707
