0 0.3176976981340131 0.39698567781473626 0.24737633672576428 0.10101436999391668
0 0.811688523383053 0.3952848772371524 0.20377690018803768 0.11297195283175024
0 0.6863794042773845 0.4922833365679594 0.09060550048205329 0.04244164887622397
0 0.6855246359345665 0.6088049543917738 0.13334394410566333 0.06404830648593773
1 0.5170324179358314 0.6025784363698748 0.06522773199456004 0.07639496797720319
1 0.4778157986526514 0.6617038892974897 0.09744365146183086 0.04398498156263195
1 0.6573172628251914 0.68639721228002 0.13505348185060753 0.06404830648593773
1 0.3990772599878635 0.7450270533866789 0.0632528965629428 0.06250497379952984
1 0.4642701444051331 0.1652123968079604 0.06733152696614965 0.04244164887622407
2 0.5255095045668918 0.24091817939382376 0.2698143830308166 0.1149782851374069
2 0.41014093869444623 0.5210033165306206 0.2460322896065678 0.10108829095973385
3 0.29914282194105934 0.6094631048736867 0.08376734950227566 0.07562330163399908
3 0.3513100065860744 0.29863487481997497 0.08034827401238687 0.03858331716020352
2 0.4874359987099392 0.8433075456377069 0.273175248696835 0.11413377670052259
