0 0.5307348303818099 0.281979575966697 0.29316367842683605 0.10827067669172952
0 0.49900605291261607 0.6637901887954973 0.27650665124349333 0.1203007518796995
0 0.7176427222872894 0.6001298335553545 0.13944625507485306 0.07669172932330857
0 0.22486986738798873 0.6015037593984962 0.15657605552342393 0.06315789473684212
1 0.3031578947368421 0.4496240601503759 0.15324465008675536 0.06315789473684205
1 0.33519573392570456 0.24869141326108093 0.08994794679005201 0.0691729323308271
1 0.7229149792410117 0.4736842105263154 0.05996529682788829 0.05112781954887216
1 0.25244627344346043 0.40212182671693747 0.06769304521001998 0.0706766917293236
1 0.42225898168358067 0.3435050285265849 0.2232041642567957 0.07819548872180467
1 0.24485829959514172 0.5203007518796992 0.10327356853672644 0.048120300751879626
1 0.4530711385612117 0.5578947368421052 0.11326778484673226 0.048120300751879626
2 0.3948939582768514 0.767351640101459 0.27342323391248996 0.11428571428571463
2 0.542004866966007 0.4303584577698324 0.24985540775014436 0.13098411096822016
3 0.5874839185992469 0.3880400004230534 0.1158276050648253 0.08872180451127847
3 0.35979178716020827 0.5353383458646616 0.09327935222672061 0.048120300751879695
