0 0.7458914066418697 0.6304409078501679 0.2442605518531421 0.08993271523202404
0 0.8944823576812243 0.48796992481203005 0.12992481244293366 0.05563909774436091
0 0.5288088035074696 0.40967370640664597 0.11993059572006941 0.0586466165413534
0 0.37811451644259764 0.22255639097744365 0.14325043377674956 0.0601503759398496
0 0.29903792103039945 0.4948243319178396 0.1917023733325241 0.0865060685805203
0 0.23900535429739306 0.7119501561171679 0.131726538857834 0.06028028440253818
3 0.5546790048956773 0.655639097744361 0.07662232566266587 0.03909774436090217
1 0.5957636853411763 0.538345864661653 0.08550076735981658 0.03609022556390961
1 0.7420102618405644 0.4707180971924998 0.05996529786003466 0.0421052631578947
1 0.36735318045959325 0.5064966348216697 0.05539936455493116 0.04060150375939833
1 0.411093837991925 0.5593984962406011 0.1292553476339346 0.06015037593984958
1 0.1941011498011953 0.45006650443369417 0.04662375668030163 0.05191209945191002
1 0.06562685476422969 0.5297693313039034 0.062095471237276406 0.03858331716020335
1 0.04040725578959492 0.46987272747463643 0.08081451157918984 0.024477287320357054
0 0.6294207151840748 0.6294294912010463 0.015541252226767242 0.0028060594298329276
3 0.8304521079723359 0.4086307858378365 0.07304388546580588 0.036478772587828716
3 0.4481211892846387 0.27281875428203134 0.14901579853540112 0.035075742872912034
2 0.7452030432141808 0.2783213050431944 0.21602340595206482 0.11154086233586122
2 0.09402457616454363 0.2843220476769306 0.18183265105317717 0.11356967421755401
1 0.8095315211104684 0.04661654135338345 0.15990746096009262 0.07819548872180451
