0 0.7578947368421054 0.24661654135338346 0.2765066512434934 0.12631578947368421
0 0.8361827635716708 0.3616541353383458 0.08661654135338338 0.05263157894736842
0 0.9061422787738583 0.49849624060150405 0.1532446500867553 0.0706766917293238
0 0.8894852510744415 0.6563909774436095 0.13991902895936933 0.06466165413533863
0 0.24818970482538094 0.36917293233082704 0.1432504329510324 0.06466165413533836
0 0.4564025460621734 0.1804511278195489 0.1932215153267785 0.07218045112781953
0 0.5957038217698758 0.5054381002366748 0.2347586190710602 0.09774436090225595
0 0.35979178695377895 0.6849624060150376 0.1532446500867554 0.07067669172932327
0 0.07828802776171197 0.760231545813998 0.15657605552342393 0.07953690837200413
1 0.7162521688837478 0.8045112781954887 0.11326778484673226 0.05112781954887225
1 0.6113128976286872 0.4270676691729324 0.14325043377674965 0.057142857142857155
1 0.5630075187969925 0.33909774436090223 0.10660497397339498 0.04962406015037597
1 0.4114285714285715 0.26842105263157895 0.123262001156738 0.04060150375939852
1 0.4528153489309453 0.46228061260094117 0.1299248120300751 0.024060150375939865
1 0.31102547527049934 0.5692014363641025 0.0648008691816313 0.05263157894736856
1 0.3931058415268942 0.618045112781955 0.09327935222672068 0.06616541353383468
1 0.5346905725853095 0.5924812030075188 0.1432504337767496 0.036090225563909825
1 0.25582066241839846 0.6986800077978246 0.1932215153267781 0.06505272352525858
3 0.23153267805489663 0.21729323308270676 0.10993637941006366 0.040601503759398486
2 0.048305378831694626 0.5797804179944491 0.09661075766338925 0.07652938957501178
2 0.5530133046544945 0.6721804511278198 0.22653557113847003 0.11428571428571384
