0 0.7412377078008984 0.27142857142857146 0.20321573163678422 0.09774436090225568
0 0.7362406017101887 0.6030075187969924 0.18655870445344122 0.07518796992481214
1 0.6796067090803933 0.4345864661654135 0.179895893580104 0.08421052631578946
1 0.5763331403372376 0.20375939849624064 0.11993059572006949 0.04962406015037594
1 0.2981607857561221 0.28270676691729324 0.0766223250433777 0.07218045112781958
1 0.8311856564488145 0.7323308270676694 0.10327356853672655 0.05714285714285708
1 0.2581839213418161 0.557142857142857 0.07662232504337765 0.03458646616541351
1 0.6988809758129078 0.5326943422849211 0.2346790289253752 0.0706766917293234
1 0.38536010085078587 0.7600699051762533 0.08994794679005197 0.09774436090225574
1 0.48305378831694623 0.34736842105263166 0.12659340659340657 0.04511278195488721
1 0.221726605400126 0.43020620174211033 0.30648930244423267 0.12932330827067692
1 0.4470836618912181 0.6905228390811271 0.31370965170299575 0.13382128648205746
3 0.6379641456634806 0.2473684210526316 0.10993637941006364 0.049624060150376
3 0.2921366250959367 0.6370890691677982 0.11329315392553521 0.10676691729323348
