2 0.7449468691423773 0.5131953280045962 0.11611611611611604 0.24023448261704217
0 0.37687461647967224 0.720717774308064 0.041041041041041025 0.0887040887040888
0 0.16666665382350065 0.37033926166776815 0.06906906050695823 0.14192637356010446
0 0.34934935791145993 0.25613283164447265 0.07207207207207209 0.1397089397089397
0 0.6590472493400142 0.26567234289355424 0.10010010010009998 0.2483714483714488
0 0.3588587732377526 0.45793497017914975 0.12712712712712712 0.2284130284130284
0 0.58308304027253 0.47234938459356407 0.06106106106106111 0.13305613305613306
3 0.5015015015015014 0.7207207207207208 0.04604604604604603 0.16410256410256407
3 0.3733733733733734 0.5754677754677755 0.042042042042042024 0.08205128205128212
1 0.3228228485091547 0.6730421327369086 0.043043043043043065 0.0953568953568955
1 0.19119119119119118 0.27165627165627165 0.05205205205205203 0.06874566874566877
1 0.5365520438325055 0.42589053760616413 0.024579802575080564 0.14192654192654228
1 0.883883883883884 0.47234927234927226 0.03803803803803803 0.09757449757449756
1 0.6166982798539365 0.6251413195685563 0.04104104104104099 0.05544005544005543
1 0.5460694428903501 0.6838200958121001 0.0530534781505432 0.06431046431046462
