0 0.47472527472527476 0.2511278195488722 0.12992481203007522 0.06015037593984964
0 0.061631000268725054 0.40759996686662925 0.11659918925125431 0.05397299859756819
0 0.6029843842434448 0.32631578947368417 0.19988432620011573 0.09022556390977453
0 0.81286292572142 0.3939849624060152 0.07995372882861185 0.036090225563909825
0 0.7695546558704455 0.5804511278195489 0.13325621746674388 0.05112781954887218
0 0.9580682475419318 0.7308270676691728 0.08386350491613641 0.075187969924812
0 0.6945053232907084 0.7871431197404558 0.14658183921341794 0.07368421052631582
0 0.3011276878759612 0.8787167858293805 0.17233717891766548 0.08571428571428569
0 0.34480046207591175 0.6120300751879699 0.13658762290341236 0.05112781954887212
0 0.42334776550043635 0.5694357003432766 0.2047474954963474 0.11390131797073835
1 0.7512319263816266 0.8375939849624061 0.0899479467900521 0.048120300751879765
1 0.4497397339502603 0.6127819548872181 0.11326778484673213 0.06466165413533823
1 0.5130364372469637 0.5834586466165413 0.10660497397339512 0.030075187969924855
1 0.31115326743309113 0.5604511283160111 0.06995951169288897 0.05112781954887216
0 0.6929323308270677 0.4360902255639098 0.1265934065934067 0.05112781954887218
1 0.7162521631037273 0.39398496240601505 0.09994216310005796 0.04210526315789473
1 0.4214227877385773 0.3270676691729324 0.08328513591671488 0.02857142857142854
1 0.5193168868716129 0.4841712590646117 0.06662810873337195 0.042105263157894715
3 0.3775753588346312 0.4307894857562912 0.0841476259157859 0.057142857142857134
3 0.2898322729901677 0.2781954887218045 0.09327935222672068 0.03909774436090224
2 0.7954732433551108 0.6498190464757116 0.2698438403701555 0.11467338540568224
2 0.5136305193920683 0.6898581044048895 0.27317524580682423 0.11879699248120329
2 0.6812724107665812 0.24210526315789468 0.1898901086515341 0.08721804511278196
