1 0.2765066512434934 0.23383458646616542 0.15324465008675536 0.052631578947368425
1 0.4697281665702719 0.15037593984962405 0.16657027183342976 0.03609022556390977
1 0.6829381145170621 0.13458646616541356 0.2132099479467901 0.08270676691729323
1 0.5396876807403124 0.08796992481203007 0.1332562174667438 0.06466165413533834
1 0.3414974730245084 0.03383458646616541 0.10321673700477159 0.06766917293233082
3 0.4680624638519376 0.1932330827067669 0.09661075766338925 0.04962406015037594
3 0.5647016372813043 0.019548872180451128 0.09655392613143433 0.039097744360902256
0 0.5996529783939178 0.18571428571428572 0.1532446500867554 0.037593984962406
0 0.9064314632735685 0.20225563909774436 0.18713707345286296 0.08571428571428569
0 0.9397455176402545 0.12030075187969924 0.12050896471949088 0.06015037593984964
0 0.9297513013302487 0.06466165413533835 0.14049739733950248 0.08120300751879699
0 0.9580682475419318 0.29473684210526313 0.08386350491613641 0.07218045112781951
