0 0.5291089962658496 0.3226968344307927 0.1539996811561484 0.07270244886385452
0 0.7961359663439418 0.463956417091703 0.1511739989330998 0.07334018964336195
0 0.7477268212740946 0.6194804303018236 0.1513257892654496 0.06857509616699407
0 0.48883971947264593 0.45807888892721715 0.2904992451201218 0.11850975397404345
1 0.3675467025608319 0.7746231159658745 0.28123574177337324 0.12474843252650979
2 0.46640452924058595 0.1886176631661068 0.2769168555825615 0.14030297149164858
2 0.24665431598746168 0.6907644372386899 0.3334305023197328 0.13009911901952895
1 0.3964647887936518 0.38482570061517457 0.16519365801662456 0.04225439632138191
1 0.3882050963390677 0.32579382340147894 0.11012910534441644 0.043497172683775565
1 0.2519203284753524 0.34692102156217 0.1624404303830141 0.045982725408562714
1 0.2188815963602194 0.5314733113776177 0.0633242355730394 0.05219660722053071
1 0.3565429785525479 0.5103461132169267 0.20649207252078056 0.02982663269744613
1 0.2945953573934233 0.46187783508357666 0.1596872008727734 0.06462437084446652
1 0.42537366888100003 0.5606785558938668 0.12389524351246833 0.04846827813334998
1 0.633242356412805 0.6650717703349284 0.13215492641329965 0.04101161995898797
1 0.7185924115193028 0.27359721618094834 0.23677757512567335 0.09072267445473176
3 0.5641076731885634 0.7799626541003934 0.12707791313502856 0.09693655626670009
3 0.3262574556459304 0.5445224631827503 0.10737587771080605 0.045982725408562644
