0 0.2510030204949885 0.0939013777456394 0.24319259687680733 0.12030075187969931
0 0.3681203007518797 0.36390977443609024 0.1365876229034124 0.060150375939849565
0 0.27150954236598784 0.49398496240601486 0.26318103052896547 0.10375939849624054
0 0.3781145166490269 0.5781954887218045 0.1632388663967612 0.07067669172932334
0 0.4497397339502603 0.7969924812030075 0.11993059572006941 0.06616541353383468
0 0.5666433003324739 0.3237677062647546 0.14658183921341802 0.09305497916933637
2 0.7795488709418753 0.3533834586466165 0.2598496240601503 0.1052631578947368
2 0.21820705713393948 0.6398496240601503 0.2765066512434934 0.11278195488721807
2 0.2848351668994579 0.7428571428571428 0.22320416425679582 0.13233082706766922
1 0.04997108155002892 0.5279007187463287 0.09994216310005784 0.07201811137952302
1 0.3581260844418739 0.31578947368421056 0.1699016772700983 0.03909774436090221
1 0.5030422205240991 0.5293233082706766 0.13991902834008088 0.03308270676691741
1 0.3681203007518797 0.6406015037593985 0.1365876229034124 0.04812030075187984
1 0.1732330827067669 0.8135338345864662 0.13325621746674376 0.05112781954887211
1 0.3914401388085599 0.8676691729323308 0.16323886639676113 0.05413533834586474
1 0.24652400231347602 0.562406015037594 0.07995373048004631 0.030075187969924783
1 0.046639676113360326 0.14820147062602795 0.09327935222672065 0.07051435198102679
3 0.15157894736842106 0.5556390977443608 0.08994794679005208 0.037593984962406
3 0.493048004626952 0.7045112781954888 0.08661654135338345 0.07067669172932341
