0 0.22394803451610507 0.62875139616154 0.12312312312312296 0.2794178794178801
0 0.4208038949467546 0.49609985650423544 0.12312312312312301 0.2683298683298689
0 0.5990990306022141 0.5311158152989499 0.06506506506506504 0.16188496188496196
0 0.5275274804359191 0.28717954330163303 0.05205214623526875 0.10866250866250861
0 0.42742746167586987 0.6863479144089593 0.062062062062062114 0.1663201663201663
1 0.33333333333333337 0.8027720027720028 0.03803803803803803 0.15079695079695085
1 0.5275275275275275 0.7229383229383229 0.07007007007007005 0.1685377685377685
1 0.7227376623979376 0.6603552870286136 0.033322792267252814 0.11764188976998892
1 0.6586586586586586 0.5322245322245321 0.054054054054054036 0.11088011088011086
1 0.5428525343207008 0.48473758969369607 0.03344364475926607 0.09979209979210008
1 0.32824474238545664 0.5520159001585836 0.036036036036036 0.12196812196812208
1 0.2987987987987988 0.3758835758835759 0.09309309309309313 0.07761607761607764
1 0.29629246040432633 0.2077516786696909 0.1101101101101099 0.17519057519057532
2 0.7086817455078822 0.31901912621034656 0.12601193446110875 0.25767895713044325
2 0.4552001664241908 0.21843228854625724 0.11592567904298959 0.2895671298144203
2 0.6202934177557856 0.807263859711922 0.12431354447590279 0.27519806497795485
3 0.5670857183681973 0.31348279378604094 0.05148720233157229 0.1995841995841995
3 0.8818818347902735 0.3426195426195426 0.05605609886660909 0.13970893970893972
