2 0.5963215731636785 0.3015037593984962 0.2531868131868132 0.1458646616541353
2 0.8664545967949694 0.45112781954887227 0.2670908064100603 0.144360902255639
2 0.25984962261514527 0.5112781954887218 0.28650086755349913 0.11428571428571431
3 0.3364719480713816 0.3353383458646617 0.10660497397339501 0.09022556390977446
3 0.5213649508386351 0.462406015037594 0.09661075766338925 0.040601503759398555
1 0.49804511154337905 0.15714285714285714 0.12992481203007522 0.04962406015037594
1 0.7162521688837478 0.22255639097744362 0.08661654135338338 0.05112781954887218
1 0.7912087905895036 0.574436090225564 0.1699016772700982 0.08120300751879704
1 0.4464083285135917 0.637593984962406 0.09994216310005782 0.05413533834586474
1 0.43093760450550406 0.778855784438914 0.19623179746448496 0.045112781954887736
1 0.29149797570850217 0.7120300751879699 0.10327356853672648 0.03759398496240608
1 0.19322151419141737 0.7744360902255636 0.1732330845646307 0.1082706766917293
1 0.5226167801189096 0.3998847209296504 0.1165991902834007 0.060150375939849926
1 0.7595888553264171 0.9864661654135338 0.10666180550534989 0.02706766917293237
0 0.6829381169942134 0.7954887218045118 0.28650087250780243 0.12932330827067592
0 0.7245806824754194 0.7007518796992481 0.20987854251012159 0.07218045112781937
0 0.37644881475640984 0.5849624060150376 0.11993059572006944 0.048120300751879626
0 0.4080971667144054 0.23233082706766908 0.14325043191888598 0.06466165413533832
