0 0.20970970970970967 0.3614689089195053 0.07107107107107108 0.14192654192654197
0 0.4383491133759423 0.3408873558037534 0.11720229898147179 0.2267209449546135
0 0.7369934759674119 0.250963812553369 0.1161161161161159 0.268329868329869
0 0.65065064208854 0.47234927234927243 0.062062062062062114 0.14636174636174637
0 0.4269269611753694 0.7351351351351352 0.04504504504504503 0.09979209979209984
1 0.36986986130775923 0.6785862224641328 0.04304307729148546 0.0931392931392931
1 0.7347347261726241 0.6142758142758141 0.046046046046046035 0.08870380809335945
1 0.6122823728688909 0.6942608184683943 0.05705705705705705 0.09757449757449786
1 0.579817384569576 0.3106194639540068 0.03403403403403409 0.14841446992086518
1 0.30532921309638295 0.6449686843549631 0.029657446821440243 0.16212864054337547
1 0.3018017375859721 0.3847538023570109 0.06306308874939512 0.13083861502174945
1 0.5115115543220646 0.6553013711182365 0.03203203203203202 0.09979209979209984
3 0.4249232724375747 0.5710281654441224 0.04504504504504511 0.09092169092169101
3 0.5794227306516698 0.722767212016469 0.04104104104104099 0.18849618849618918
2 0.8743745541786975 0.5444209515663235 0.13113113113113117 0.3215523215523215
