0 0.24469317992325365 0.6407709269935622 0.12100291436739073 0.2971586971586984
0 0.40643745752343563 0.4785011543479632 0.129129360306116 0.26611226611226657
0 0.497997997997998 0.6519750519750519 0.06306306306306304 0.15079695079695077
0 0.6486485972759847 0.5399862241693587 0.06206206206206197 0.14857934857934857
0 0.5790790790790791 0.31711711711711715 0.04704704704704696 0.1153153153153153
1 0.3602353664112376 0.5836506519552586 0.04004004004003999 0.10016110529741752
1 0.26441178849124247 0.47893407885213585 0.07807807807807801 0.07132500951505004
1 0.3099147381970859 0.3186838002951348 0.09403220870077289 0.17199960572594816
2 0.3078199852066292 0.29780445117538806 0.14214214214214202 0.27276557786438554
2 0.7525356808859365 0.3301524812360856 0.13402544681644815 0.30381150381150424
2 0.6655744466740577 0.8051489009904603 0.12994498640211896 0.2753246798866715
1 0.7766854006048237 0.6789047981847375 0.0364742212061307 0.1175325808000428
1 0.5484512642638005 0.45137113319469796 0.03382299909316027 0.12862092862092903
1 0.3968968455242332 0.7972267344797157 0.033033033033033024 0.15301455301455305
1 0.5800802127927946 0.7262645859593617 0.06906918037650718 0.1840609840609841
3 0.6276276276276276 0.3226611226611227 0.056056056056056035 0.19736659736659734
3 0.599099167595984 0.5155918421267652 0.05105105105105103 0.11309771309771315
