0 0.37311740890688255 0.20601503759398498 0.15990746096009253 0.07518796992481203
0 0.711255060728745 0.7007518796992481 0.20987854251012153 0.08120300751879711
0 0.6662810873337189 0.7977443609022556 0.27983805668016193 0.1338345864661653
0 0.34146905725853094 0.5654135338345865 0.14991324465008674 0.060150375939849565
0 0.5147305557312754 0.9766917293233084 0.2765634827754483 0.04661654135338338
1 0.7728860598621088 0.569172932330827 0.18655870445344136 0.07969924812030073
1 0.41475997686524013 0.631578947368421 0.10327356853672648 0.05112781954887212
1 0.2498554077501446 0.706766917293233 0.11993059572006942 0.03909774436090231
1 0.38477732793522273 0.7834586466165413 0.21654135338345867 0.05714285714285708
1 0.7412661254247398 0.9819548872180451 0.12331883268869291 0.036090225563909686
1 0.7062579525737422 0.19849624060150375 0.09994216310005796 0.05112781954887218
1 0.4747252756542066 0.13157894736842096 0.1632388633003217 0.04060150375939847
1 0.4783872964583805 0.3927873734735494 0.09566412698023845 0.07035148828975979
1 0.15324465008675536 0.7729323308270676 0.17989589358010413 0.12030075187969928
1 0.30982070561017927 0.3165413533834587 0.13991902834008096 0.09473684210526319
2 0.5713360335240252 0.28646616541353365 0.2431925995603887 0.13984962406015028
2 0.8644997108155004 0.4345864661654136 0.263181029496819 0.15037593984962405
