2 0.6520666571027744 0.2797155372206676 0.22681364705770934 0.12330827067669223
2 0.5298320478847274 0.8920795811518393 0.23652978600346994 0.1293233082706771
0 0.3529168385743847 0.4455052658878353 0.2453347644711564 0.10526315789473696
0 0.6790877493731865 0.48873928391627225 0.2433341039489991 0.0997426761703708
0 0.5396876813596002 0.0601503759398496 0.14658184045199404 0.07518796992481201
0 0.7279120879120878 0.5428571428571429 0.09661075766338925 0.04210526315789473
0 0.7312434933487566 0.6481203007518798 0.12992481203007528 0.06315789473684226
0 0.32980913843662035 0.6150375939849624 0.12659340452911358 0.06315789473684219
1 0.5362728514394894 0.6581478258302547 0.0632967032967033 0.0736842105263159
1 0.4980451123690963 0.6992481203007518 0.10327356853672648 0.04511278195488714
1 0.6912666283151626 0.7383458646616543 0.1432504337767496 0.06616541353383454
1 0.3814459224985541 0.09097744360902255 0.09661075766338932 0.061654135338345864
1 0.3664545980335454 0.3744360902255639 0.0999421631000578 0.03909774436090224
1 0.40976286871023715 0.4849624060150376 0.07995373048004631 0.03759398496240607
1 0.42520072736886755 0.7939208322106946 0.0666281087333719 0.06917293233082727
3 0.3281434355118566 0.21578947368421056 0.10993637941006366 0.04962406015037594
3 0.24922900651244007 0.7882619310292754 0.1932215153267784 0.048120300751879744
