1 0.9730595720069405 0.1796992481203008 0.05388085598611909 0.02556390977443609
1 0.36848621547420046 0.305062717236275 0.08994794679005186 0.06315789473684212
1 0.29149797570850206 0.45639097744360896 0.123262001156738 0.03458646616541351
1 0.7229149799635144 0.5293233082706771 0.07329091836813315 0.0481203007518797
1 0.2515211104684789 0.5706766917293232 0.08994794679005207 0.03759398496240593
1 0.3214806253610219 0.4984962406015038 0.14325043439603757 0.05864661654135345
1 0.45806824785157574 0.6240601503759398 0.08994794493218809 0.042105263157894784
2 0.37997693761522017 0.8125808155364974 0.27807547578314357 0.12481203007518818
2 0.6352055245656514 0.6304865000172094 0.22653556969346425 0.11578947368421076
1 0.7342781620481127 0.3001340347554761 0.206553182098346 0.07831680554685136
3 0.3731174082875947 0.5902255639097744 0.09994216310005789 0.052631578947368356
3 0.14234491824892723 0.395819801698273 0.09987734626465883 0.08571428571428598
0 0.2298669740979865 0.6458646616541354 0.13991902834008102 0.0646616541353385
0 0.6190361412061672 0.15597112629087287 0.27650665124349316 0.11578947368421051
0 0.46878510840539844 0.44383787213116094 0.2698438424344487 0.10375939849624093
0 0.7678889536681842 0.6210526315789475 0.14325043191888626 0.08120300751879707
