1 0.37145170618854834 0.32330827067669177 0.12326200115673804 0.06015037593984964
1 0.5430190861769809 0.31804511278195485 0.1532446500867553 0.0796992481203008
1 0.6729438984134855 0.6300751879699249 0.13991902834008094 0.04511278195488721
1 0.6829381145170619 0.7210526315789474 0.12659340659340665 0.07067669172932341
1 0.47548258272635713 0.7201188548154165 0.21853925834969887 0.04962406015037597
3 0.5580104098162725 0.4609022556390977 0.12326200115673806 0.09473684210526315
3 0.39976865240023135 0.6383458646616542 0.11993059572006942 0.052631578947368494
0 0.35646038007210523 0.8413533834586465 0.1865587044534414 0.09172932330827066
0 0.5097050307781484 0.5511278195488721 0.11993059572006932 0.052631578947368356
2 0.3098207056101793 0.47744360902255634 0.2731752458068248 0.1548872180451128
2 0.4430769230769231 0.07593984962406015 0.27983805668016193 0.14586466165413534
