0 0.2147147147147147 0.5033957033957034 0.1291291291291291 0.2661122661122661
0 0.2057057057057057 0.29494109494109494 0.08708708708708705 0.15079695079695074
0 0.5345344917239814 0.2550243953296196 0.06806806806806798 0.1685377685377685
0 0.4344344344344344 0.5987525987525988 0.048048048048048034 0.09313929313929308
0 0.7227227227227226 0.49230769230769234 0.06606606606606605 0.15966735966735968
0 0.8233233233233233 0.29494109494109494 0.12512512512512516 0.29715869715869714
0 0.8603603689224709 0.49452529452529453 0.13313313313313316 0.29272349272349274
2 0.6711712139817243 0.3093556777219469 0.14314314314314325 0.26389466389466393
2 0.49399393405921965 0.4257799063903549 0.09909909909909914 0.2749826749826749
2 0.31231237652814214 0.36479612601702327 0.11611595343601405 0.24615317268809594
1 0.3643630372372177 0.633123833644276 0.05405395130872637 0.10422730422730421
1 0.29609508002951773 0.5979970525478648 0.02902902902902897 0.15966735966736012
1 0.4224224224224221 0.6708245866414521 0.05005005005005009 0.06431029594402674
1 0.6571571571571572 0.5710325710325711 0.0510510510510511 0.06431046431046433
1 0.6179699142604645 0.5895435993660443 0.03903903903903897 0.13527373527373557
1 0.42092090379669966 0.13527373527373526 0.07107107107107105 0.15079695079695077
1 0.5947366364589324 0.4656000138413014 0.026026026026025974 0.14414414414414475
3 0.4229222122677412 0.4934120597669719 0.03903903903903903 0.08205128205128204
3 0.5656829083451139 0.625999181976408 0.03903897054215371 0.15301455301455352
