2 0.1757545577810413 0.47937073930446544 0.27317524580682484 0.1308270676691733
2 0.6252557795206524 0.804863683610412 0.2765066512434932 0.1443609022556396
1 0.6496240589118003 0.1774436090225564 0.16657027183342976 0.07218045112781954
1 0.5147021399652977 0.31278195488721794 0.11659919028340082 0.03308270676691738
1 0.729577790423993 0.7338345864661653 0.11326778484673226 0.0541353383458646
1 0.5800462027268941 0.5092217772724917 0.21647458665431527 0.08120300751879701
3 0.33980335454019667 0.6954887218045113 0.09994216310005787 0.08872180451127817
3 0.4630653544583589 0.19699248120300752 0.10660497397339498 0.048120300751879695
0 0.3614574890528253 0.3045112781954887 0.12326200115673798 0.07368421052631578
0 0.6429612482448923 0.5736842105263158 0.15324465008675545 0.06766917293233085
