0 0.49471370734528636 0.12105263157894736 0.15657605552342402 0.07067669172932332
0 0.7895430878711693 0.44661654135338336 0.12659340659340657 0.06616541353383454
0 0.46160756987100326 0.548478847138781 0.23067509273749603 0.10462413645273186
0 0.6398519720070175 0.2814850556122903 0.2459970583563717 0.12932330827067706
0 0.23319837974108437 0.41428571428571415 0.11993059572006941 0.05263157894736842
0 0.17823019086176983 0.493984962406015 0.10993637941006364 0.04360902255639104
0 0.448074031231926 0.7736842105263159 0.14991324465008682 0.06766917293233078
0 0.3631231932161649 0.6413533834586467 0.1332562174667438 0.0796992481203008
0 0.6046500875810671 0.3428571428571429 0.15657605552342402 0.06015037593984965
1 0.7245806824754194 0.7736842105263159 0.1032735685367264 0.0646616541353383
1 0.4797223820545604 0.40150375939849625 0.10660497397339498 0.04511278195488721
1 0.49637941006362063 0.28345864661654135 0.08661654135338352 0.04060150375939852
1 0.6646153780096471 0.3917293233082706 0.13658762290341245 0.06165413533834581
1 0.5896587501110124 0.29248120300751884 0.07329091960670908 0.031578947368421095
1 0.36145748987854254 0.5082706766917293 0.1299248120300752 0.06315789473684205
1 0.5580104106419896 0.5503759398496242 0.16990167727009842 0.03308270676691727
1 0.4014343551185657 0.5759398496240601 0.08328513591671481 0.06315789473684219
2 0.5713360403361918 0.6315789473684202 0.25651821470132535 0.10526315789473664
2 0.22277146480967921 0.5832568174735897 0.22986697513013304 0.09172932330827084
2 0.3212277831466524 0.27757481717070215 0.2265355696934644 0.10977443609022561
3 0.3531289746354366 0.1902255639097744 0.10660497397339506 0.052631578947368446
3 0.22486986697513017 0.4616541353383458 0.18322729901677273 0.05413533834586467
