1 0.2698438403701562 0.49624060150375937 0.13325621746674382 0.05714285714285708
1 0.34816028389784565 0.03458646616541353 0.08322830438475996 0.06917293233082707
1 0.5296934644303066 0.08646616541353383 0.04663967611336041 0.07669172932330827
1 0.6746096009253906 0.12631578947368421 0.16323886639676125 0.08421052631578947
1 0.4763909759986039 0.14135338345864665 0.11993059572006941 0.04511278195488723
3 0.4880508964719492 0.18947368421052635 0.09661075766338918 0.05112781954887218
3 0.5247247720412811 0.021052631578947368 0.14319360224479474 0.042105263157894736
0 0.5979872742305785 0.1849624060150376 0.1032735685367264 0.04511278195488721
0 0.8878195488721806 0.19172932330827067 0.15657605552342388 0.07969924812030076
0 0.9530711393869288 0.11578947368421053 0.09385772122614228 0.07518796992481203
0 0.948074031231926 0.04962406015037594 0.103851937536148 0.057142857142857155
