0 0.6436435580225374 0.4723492723492723 0.056056056056056035 0.13749133749133746
0 0.6576576148471047 0.7406791406791408 0.056056056056056104 0.1419265419265419
0 0.4344344344344344 0.7805959805959806 0.05205205205205203 0.14192654192654203
0 0.3023108319414788 0.9401939840718946 0.07008714647264451 0.11074151074151076
0 0.4682140536736329 0.624752179168386 0.08627577589039712 0.2071478361015197
0 0.5715715801336823 0.12529469366096282 0.08808808808808806 0.1884961884961885
0 0.6076075647970546 0.27720024913920427 0.032032032032032094 0.07096327096327099
0 0.46297150116425023 0.053222453222453225 0.057039980654482604 0.10644490644490645
0 0.39239240095450306 0.2849619691451039 0.05405393418450533 0.12196812196812208
0 0.20711367764689415 0.4758451526599039 0.06264803058403168 0.11309771309771346
1 0.5300283861047902 0.37920968456871357 0.047047047047046965 0.09757407665840384
1 0.5045045087855597 0.25169796394214344 0.034033991223480824 0.07761596537178596
1 0.4479479051373948 0.15855855855855855 0.027027027027027015 0.04656964656964657
1 0.46884799254651205 0.4124883973709769 0.03403403403403401 0.04435204435204451
1 0.41305329813745195 0.6170704223272336 0.02164904325063207 0.11241937250672955
1 0.44794799075850106 0.6941093818652024 0.02502502502502502 0.11088011088011086
1 0.42189768150856855 0.7418140215578818 0.05405405405405403 0.1840609840609846
1 0.5040039825987275 0.6375608059270746 0.04304296598404725 0.05544005544005541
1 0.0915915230947066 0.1275121275121275 0.06106106106106107 0.09535689535689534
3 0.3878878878878879 0.0986832986832987 0.033033033033033024 0.05544005544005545
3 0.30626428278396517 0.37148554139975076 0.039929442878354364 0.11975051975052003
2 0.2797797797797798 0.14525294525294527 0.0950950950950951 0.19293139293139294
2 0.26676676676676675 0.6475398475398475 0.10910910910910906 0.2128898128898129
2 0.5190190018947978 0.7750519750519753 0.10310306885466065 0.22397782397782395
2 0.5750750750750752 0.7783783783783784 0.009009009009009005 0.0044352044352044115
