0 0.3136255920474829 0.25616852110873906 0.28983227299016723 0.10480910614398993
0 0.4464083278943038 0.30601503759398496 0.15990746096009253 0.06165413533834584
0 0.4314170021907194 0.39398496240601505 0.25651821862348184 0.11127819548872182
0 0.5563447085429432 0.47744360902255634 0.12659340659340665 0.06766917293233078
0 0.6529554655870445 0.7233082706766918 0.17323308270676677 0.06917293233082716
1 0.23486408328513592 0.15639097744360902 0.1365876229034124 0.05413533834586467
1 0.1932215153267785 0.42781954887218043 0.15990746096009256 0.07669172932330824
1 0.704592250061837 0.4375939849624059 0.12992481203007528 0.04511278195488721
1 0.5513475993557938 0.556390977443609 0.12992481203007514 0.06015037593984965
1 0.34813186833829746 0.7406015037593986 0.09661075766338928 0.043609022556390896
1 0.556467706689442 0.8057063825326927 0.14991324465008665 0.03609022556390987
1 0.41642568061572094 0.4669172932330827 0.07995373048004631 0.040601503759398486
1 0.5496818972567477 0.206015037593985 0.18655870445344142 0.030075187969924824
1 0.6545231851931645 0.24896063861330006 0.21438573687191245 0.0733303850895559
3 0.6945980342679047 0.6240601503759394 0.10327356709172143 0.07819548872180446
3 0.3231463325175863 0.46240601503759393 0.0866165413533835 0.03458646616541351
2 0.3264237260640894 0.585108243407462 0.28983227299016745 0.11278195488721825
2 0.6653171196980522 0.33746371904302885 0.24319259687680728 0.11729323308270706
2 0.4430769230769231 0.6488721804511279 0.21987275882012733 0.13684210526315788
