2 0.29149797570850206 0.29774436090225564 0.36978600347021406 0.14135338345864656
2 0.29816079236185977 0.44210526315789495 0.30982070850018945 0.17142857142857093
0 0.4117177285763992 0.718796992481204 0.2237825289212023 0.08721804511278201
0 0.6446269519953731 0.5052631578947369 0.1432504337767496 0.06015037593984964
1 0.1365876229034124 0.5428571428571429 0.20654713707345287 0.06616541353383461
1 0.5202374997527973 0.5961709733756152 0.23986119144013882 0.04511278195488735
1 0.6529554655870445 0.3353383458646617 0.1798958935801042 0.08421052631578953
1 0.7312434933487566 0.5827067669172932 0.14991324465008674 0.06165413533834588
1 0.7512319259687681 0.5 0.10993637941006355 0.05864661654135332
3 0.6013186813186814 0.4270676691729323 0.1832272990167728 0.0932330827067669
3 0.4247541931752458 0.5067669172932331 0.16990167727009833 0.04511278195488721
