0 0.349144254131622 0.6098720001566758 0.2631810294968183 0.12974846081374194
0 0.4580682475419318 0.7909774436090226 0.123262001156738 0.06015037593984971
0 0.6762753036437248 0.6248120300751879 0.13991902834008102 0.07368421052631575
0 0.7612261422787739 0.5616541353383459 0.15657605552342388 0.06766917293233085
0 0.22320416466965448 0.4601503759398497 0.15324465008675534 0.06015037593984965
0 0.47805667995551404 0.31353383458646605 0.1499132442372282 0.05864661654135364
0 0.46322888701201764 0.272852960982856 0.1963227386195733 0.10349752751880689
1 0.7512319259687681 0.42556390977443614 0.10993637941006355 0.05413533834586467
1 0.6063157894736843 0.44736842105263164 0.13991902834008102 0.0586466165413534
1 0.5777600446661976 0.3983283695113154 0.10993637941006351 0.027067669172932282
1 0.2798380560608741 0.34511278195488715 0.09994216310005787 0.031578947368421026
2 0.7029265471370735 0.29774436090225564 0.22653556969346447 0.10526315789473685
2 0.4280855987151291 0.2533834586466165 0.2765066497984882 0.08270676691729321
2 0.5863250156924814 0.5006631872009886 0.25318681318681285 0.1052631578947369
3 0.21654135338345867 0.3827067669172932 0.08661654135338345 0.04962406015037594
3 0.48058195093494255 0.38514042878521304 0.16715201350988418 0.04060150375939859
1 0.5246963562753038 0.4338345864661654 0.08328513591671495 0.040601503759398555
1 0.5630075187969925 0.6609022556390977 0.09327935222672068 0.05563909774436091
0 0.5296020698802942 0.6074248404556699 0.20018130231042985 0.0751879699248123
