0 0.23823823823823823 0.5466389466389466 0.1301301301301301 0.25502425502425496
0 0.5085085085085085 0.3747747747747748 0.06406406406406412 0.14636174636174634
0 0.6836836836836837 0.4568260568260568 0.0660660660660659 0.1419265419265419
0 0.4499499157015075 0.7196119196119197 0.047047047047047104 0.10422730422730427
2 0.7622622622622623 0.24504504504504504 0.11111111111111129 0.2727650727650727
2 0.8541694880300165 0.40135497998565856 0.12712726412089753 0.2853563134396043
1 0.6808555543595363 0.6357486988262752 0.0408542660914549 0.14414358292268625
1 0.6085554967168444 0.29033957458114173 0.032032032032032 0.1419265419265421
1 0.38488488488488487 0.2594594594594595 0.07107107107107105 0.14636174636174637
1 0.32994737185015266 0.6341736503631307 0.039039039039039 0.16188496188496224
1 0.3943944200807264 0.670824614702525 0.05005011854693497 0.11309771309771319
1 0.472972972972973 0.5976437976437977 0.03703703703703702 0.09535689535689534
1 0.7766851202246609 0.5877623626754207 0.046046046046046 0.09380914117071791
3 0.4289284109212361 0.5499641152781413 0.05105080274984295 0.1064447942006152
3 0.5608750643611281 0.7887193338410431 0.08503202560670746 0.09092127000559777
