0 0.33147484094852514 0.22481203007518796 0.2765066512434934 0.13684210526315788
0 0.5996529799421375 0.33834586466165395 0.25984962591801414 0.1413533834586465
0 0.8028687104435605 0.4203007518796993 0.13991902834008102 0.07368421052631592
0 0.5180335454019666 0.43909774436090226 0.1832272990167728 0.06917293233082702
0 0.24818970503181023 0.45338345864661656 0.3098207056101792 0.11278195488721815
0 0.6562868710237132 0.7195488721804512 0.10660497397339498 0.04962406015037601
0 0.22820127158608158 0.7962406015037595 0.21654135338345867 0.07669172932330824
1 0.702926546930644 0.7842105263157896 0.1332562174667437 0.052631578947368494
1 0.6712781954887218 0.5691729323308272 0.1365876229034123 0.07067669172932334
1 0.7468960405779803 0.7161572418621227 0.07329091960670904 0.07218045112781975
1 0.5823778767135017 0.864737456473337 0.2331983805668012 0.03308270676691738
1 0.16990167727009833 0.7270676691729324 0.18655870445344128 0.07669172932330824
3 0.5246963564817329 0.8255639097744362 0.11659919028340077 0.04210526315789465
3 0.6213071139386929 0.6541353383458648 0.14325043377674965 0.08120300751879697
2 0.34813186895758536 0.5526315789473685 0.2565182186234818 0.1548872180451128
2 0.43474840948525156 0.7413533834586467 0.2898322729901677 0.15338345864661648
