1 0.4753473744030326 0.17842549768728191 0.19281880356200795 0.038531916150529776
1 0.7445691150954312 0.2601503759398496 0.09661075518623757 0.0631578947368421
1 0.8028687089985556 0.6669172932330828 0.1732330827067669 0.08270676691729321
1 0.16057939541394928 0.6309763465193148 0.1473763857431941 0.041932153840785656
1 0.3787635011892878 0.5096555306495155 0.1387237179985359 0.06165413533834594
1 0.2828765038911928 0.9294285809394077 0.22703444404264192 0.056404908886075
1 0.5413533834586467 0.6045112781954888 0.10993637941006369 0.0421052631578948
1 0.054968188776099935 0.920300751879699 0.0966107558055255 0.1533834586466165
0 0.4508883742464391 0.7114072367548893 0.35544312275847245 0.14404240061763643
0 0.3581260845450883 0.2526315789473685 0.20987854230369185 0.08421052631578957
0 0.3847773269030762 0.5781954887218046 0.1898901098901099 0.08571428571428569
0 0.30815500289184505 0.8849624060150376 0.24319259687680744 0.1067669172932331
3 0.25984962447300897 0.3766917293233081 0.12659340494197213 0.10075187969924836
3 0.684603808978224 0.6097744360902254 0.09661075766338939 0.040601503759398486
2 0.5646622908763202 0.5722667193168857 0.3298091382301903 0.15301349789658958
2 0.6072111403517926 0.3492912293861215 0.30113629133295833 0.15939849624060218
