0 0.5764144671190045 0.3298630279876268 0.13473335437997352 0.3348579348579359
0 0.7812812812812814 0.2916147337063011 0.15515515515515513 0.32598710507143225
0 0.6917834664594754 0.6958032679729474 0.15072419587975225 0.29715869715869775
0 0.4394394394394394 0.8271656271656272 0.08208208208208205 0.1818433818433819
0 0.5945945945945945 0.8338184338184338 0.056056056056055965 0.1241857241857241
1 0.3753753325648222 0.5344421063810615 0.05805805805805804 0.12418572418572424
1 0.33583586152216777 0.7706166022503331 0.08108108108108109 0.1707553707553707
1 0.4231771069225944 0.4192804883769675 0.079079079079079 0.09313929313929342
1 0.4501025071998228 0.6580988055901896 0.09109109109109102 0.07318087318087334
3 0.8633633633633633 0.3947331947331948 0.05105105105105096 0.11975051975051976
3 0.4449055667088851 0.17867081256006861 0.10007523012962738 0.09979209979210006
2 0.20238480974408454 0.38905653889301695 0.14373711738755884 0.3366852348061651
2 0.15010606731910475 0.673360610864338 0.1471471471471468 0.33941500540589054
