2 0.5583573691522667 0.18771109231625363 0.30409404923993005 0.12865358568436475
2 0.5215434909411073 0.8491293323953493 0.27039186917015307 0.1443609022556394
2 0.4241420465483655 0.5170332758796083 0.2798380566801618 0.11760906903468586
2 0.321989671431334 0.35811638180888017 0.29057181581696895 0.1097744360902258
0 0.6927058003869174 0.4092913240726597 0.29027109453817296 0.11001455019809304
0 0.7528976286871024 0.5977443609022557 0.15990746096009245 0.07368421052631582
0 0.750425379127377 0.46560744039113927 0.11326778360815642 0.04962406015037593
3 0.3724762932769864 0.24171498429946447 0.0950456747752709 0.040583504150476984
1 0.5092354762542751 0.0849794667274018 0.07266421466272645 0.04870020498057185
1 0.7033038273961965 0.6838097158721316 0.1542003049435569 0.06875547117948254
1 0.4578996834102832 0.6142054117151232 0.08838309850052806 0.06536013926938757
1 0.5039717275591811 0.6524028957037263 0.09402457597194214 0.05008114567394409
1 0.5556345119015839 0.5877213786319804 0.06304775201446935 0.07299963606710468
3 0.303482768317441 0.6161268120922777 0.08674983698475058 0.08007111211966038
