0 0.14001275851924244 0.5912393768120185 0.13213213213213199 0.30812793380468556
0 0.3363363192121151 0.5732501311585636 0.07207205494785088 0.1618849338238892
0 0.8310313658567529 0.3503145258355552 0.1317015844327063 0.24837144837144826
0 0.7164512953375577 0.6911903910606373 0.07651300442577229 0.14857934857934868
1 0.18118118118118118 0.1308385308385308 0.03603603603603606 0.15966735966735965
1 0.25233938656665217 0.8517115478978826 0.0655732374636119 0.09092169092169101
1 0.43713018972307244 0.8317716380953789 0.08567308768772461 0.22397782397782454
1 0.7492492578113599 0.5488565207954761 0.05905912755594369 0.11753308589935482
1 0.6527606257953472 0.3514991903664793 0.07207207207207203 0.062092862092862126
1 0.4209209037966996 0.36368665144247203 0.03703703703703702 0.07096327096327094
1 0.6226473459313467 0.49591693806595755 0.035681552312033814 0.10020262668291846
1 0.5530530016803885 0.7440062455323659 0.06306294319351444 0.08648626199790281
2 0.5603896749263566 0.5175221071772907 0.1312098806155469 0.2616033673821132
2 0.5388192500203562 0.3746658197548073 0.11852957182761056 0.2544687072740022
3 0.3449906440868129 0.32621161691925016 0.08802915403954086 0.1021400557657421
3 0.7137136794652713 0.6109494390104837 0.046046046046046035 0.09535689535689534
