0 0.1841841884652395 0.2572417169364925 0.07607596476863795 0.1552321552321552
0 0.12862862862862864 0.5244629244629244 0.0870870870870871 0.1707553707553707
0 0.2797797797797798 0.5699237699237699 0.07707707707707709 0.16410256410256407
0 0.341841841841842 0.5810116126453435 0.0630630630630631 0.17740784067530269
0 0.3408408408408408 0.31600831600831597 0.06706706706706708 0.1308385308385308
0 0.36076487492421305 0.559328939480038 0.05887148806781648 0.2427046143407049
0 0.6056056056056056 0.3027027027027027 0.0440440440440441 0.09535689535689534
0 0.6781781268055144 0.522245406428541 0.05705705705705711 0.13083853083853086
0 0.5220220134599113 0.6663897189391227 0.06106106106106104 0.13527373527373512
0 0.5440783675490892 0.4635888204451481 0.06206206206206186 0.21954261954261928
0 0.5005005261868323 0.49896058314371766 0.07007007007007005 0.15079695079695077
2 0.5501580552606326 0.24516519929843536 0.10500712004697485 0.2714088188319439
2 0.761875094343914 0.33564207032474447 0.10910910910910912 0.25945945945945975
2 0.6910085061819451 0.7730946486849319 0.1211211211211211 0.23950103950104024
1 0.4304303876198773 0.7695080817522612 0.03203203203203202 0.13305613305613306
1 0.607107107107107 0.7040887882719224 0.06706716981239477 0.14414414414414406
1 0.7813568531326338 0.6393246262165233 0.03503503503503504 0.10200970200970237
1 0.7272272272272272 0.5222453923980046 0.04104104104104123 0.10422744453266862
1 0.4424424424424424 0.5167013167013167 0.040040040040040026 0.12418572418572424
1 0.40790790790790793 0.3758835758835759 0.06906906906906904 0.059875259875259844
1 0.37087087087087084 0.2261954261954262 0.09709709709709706 0.19514899514899514
1 0.6271271699376801 0.419126875248965 0.041041041041040956 0.10200970200970204
3 0.649149149149149 0.3038115038115038 0.053053053053053106 0.1818433818433818
3 0.9204204375446413 0.3537077361045277 0.05905900768639577 0.1086620316242691
