0 0.4466968608792953 0.196614479594078 0.27066806915891445 0.13233082706766927
0 0.7084467912619324 0.3533710298362547 0.15598011425222374 0.08270676691729345
0 0.33429647315881916 0.7618645916231518 0.2656995956003937 0.12631578947368502
0 0.6196414112203587 0.6714285714285714 0.15324465008675545 0.07368421052631575
1 0.2448582985629952 0.3789473684210526 0.06995951417004051 0.06315789473684212
1 0.5047079236552922 0.3105263157894737 0.09661075766338925 0.04661654135338353
1 0.4114285714285715 0.43684210526315786 0.11659919028340085 0.05563909774436084
1 0.5813302482858111 0.5165413533834586 0.1432504337767495 0.06766917293233078
1 0.7079236546727887 0.7932330827067667 0.0899479467900521 0.04962406015037586
1 0.1915558126084442 0.6225563909774435 0.0832851359167149 0.04210526315789465
1 0.5991574913596891 0.6074757649492875 0.2547223887469835 0.07518796992481203
3 0.20679374473599704 0.6959481586306906 0.11993060067437275 0.10075187969924831
3 0.5596761154246169 0.3488721804511279 0.09327935222672075 0.048120300751879695
2 0.18099366583454285 0.49665437337998414 0.25984962406015044 0.11578947368421065
