0 0.21921921921921922 0.4058212058212058 0.0800800800800801 0.15966735966735968
0 0.47647639085537025 0.3448370606539261 0.13013013013013017 0.2594594594594595
0 0.6761762189867294 0.5067221067221067 0.06706706706706711 0.13083853083853086
0 0.44644642932222517 0.7861401545064237 0.048048048048048034 0.10866250866250865
2 0.7557558585010833 0.292723380479201 0.11811811811811808 0.27498267498267503
2 0.8483587688332673 0.43865631748924316 0.12268697674860432 0.28703685835221043
1 0.5380380380380381 0.6941094941094942 0.0370370370370371 0.11975051975051976
1 0.593093093093093 0.34816354816354816 0.03903903903903903 0.15966735966735968
1 0.33883886452517076 0.4224531943921496 0.07507507507507509 0.14857934857934865
1 0.3893893893893894 0.7218295779516677 0.046046046046046035 0.10866250866250865
1 0.315402356281956 0.6967030869143717 0.030030030030030047 0.16853776853776875
1 0.7679231985912207 0.6244188850963334 0.049049049049048964 0.051004851004850964
1 0.6352003829814854 0.7413391231481399 0.053053053053053016 0.09757449757449789
3 0.4409409323788303 0.5998613998613999 0.04704704704704703 0.10422730422730427
3 0.5982469718560627 0.7638767458590212 0.042687904488522 0.17297297297297315
