0 0.24818970503181034 0.406015037593985 0.14325043377674962 0.06917293233082702
0 0.6662810865080019 0.3067669172932331 0.16657027183342976 0.0691729323308271
0 0.587993059778436 0.7293233082706766 0.14991324465008674 0.07218045112781979
1 0.23486408328513594 0.2962406015037594 0.123262001156738 0.04511278195488721
1 0.6462926532687022 0.20601503759398498 0.14658183921341816 0.05714285714285712
1 0.3028147175232601 0.3623670819618852 0.16657027183342957 0.09022556390977461
1 0.5296934644303066 0.33082706766917297 0.08661654135338352 0.05413533834586467
1 0.6063157894736843 0.47368421052631576 0.14658183921341816 0.06616541353383461
3 0.3414690566392431 0.4766917293233082 0.10993637941006358 0.048120300751879695
3 0.6596182764603817 0.5586466165413534 0.15990746096009253 0.07969924812030073
3 0.2955472151070441 0.6921108484565215 0.2631810294968187 0.12205875245245698
