2 0.32148062422566087 0.406766917293233 0.30315789473684207 0.14285714285714288
2 0.44310533884290054 0.030075187969924807 0.313095279514893 0.060150375939849614
3 0.5929901677270099 0.38345864661654133 0.1332562174667438 0.11127819548872175
3 0.4297513013302487 0.5781954887218044 0.11993059572006941 0.06766917293233078
1 0.19821862389463998 0.5646616541353383 0.16990167727009833 0.07368421052631582
1 0.5179440581101854 0.6559335291370756 0.22986697513013277 0.036090225563909936
1 0.6875412247888971 0.5773707786564792 0.13059355379033427 0.03151006106691641
1 0.7129207628277914 0.6481203007518798 0.1265934065934067 0.054135338345864675
0 0.41475997686524 0.7714285714285714 0.14991324465008674 0.07819548872180448
0 0.5413533834586467 0.47969924812030074 0.12992481203007514 0.048120300751879695
0 0.5269353066878786 0.2531568110459357 0.1199305957200692 0.08882956829602691
0 0.41945114837421593 0.23648476199050716 0.10993637941006344 0.051220358259793715
